YORF	NAME	GWEIGHT	GenBank	Sample 1	Sample 2	Sample 3	Sample 4	Sample 5	Sample 6	Sample 7	Sample 8	Sample 9	Sample 10
			Treat.	c	c	c	c	c	ex	ex	ex	ex	ex
			Strain	a	a	a	b	b	a	a	b	b	b
A0	A0	1	AI460128	0	0	0	0	0	0	0	0	0	0
B0	B0	1	AA775447	2	2	2	2	2	2	2	2	2	2
C0	C0	1	R91803	-2	-2	-2	-2	-2	-2	-2	-2	-2	-2
D0	D0	1	AI460128	2	2.5	3	2.5	2	1.5	1	1.5	2	2.5
E0	E0	1	T80924	2	1.5	1	1.5	2	2.5	3	2.5	2	1.5
F0	F0	1	AA704242	-2	-2.5	-3	-2.5	-2	-1.5	-1	-1.5	-2	-2.5
G0	G0	1	N78022	-2	-1.5	-1	-1.5	-2	-2.5	-3	-2.5	-2	-1.5
H0	H0	1	AA045320	-2	-2	-2	-1	0	1	2	2	2	2
J0	J0	1	AA452988	2	2	2	1	0	-1	-2	-2	-2	-2
A1	A1	1	AA757429	0.246456878	0.22613566	-0.279917733	0.278944897	0.416614486	0.404501674	0.167487995	0.378536155	-0.394313583	-0.16576836
A2	A2	1	AA156571	-0.323161859	0.007695167	0.354104906	-0.324017974	-0.408117939	-0.22405071	0.152089146	0.137637942	0.348558755	0.434621756
A3	A3	1	AI286022	0.202584754	-0.086175734	-0.329190141	-0.38246136	-0.297690969	0.099508338	0.409601986	-0.21472995	-0.493387589	-0.356393193
A4	A4	1	AA521292	-0.365973455	0.253069289	0.369742468	-0.145891188	0.032014186	0.286356954	-0.241389514	-0.300497819	0.164893109	-0.135703097
A5	A5	1	AI344681	0.03373382	0.34173125	0.37199207	-0.112161274	-0.482286724	0.463874131	0.163788016	0.169802421	0.101512074	0.01234677
A6	A6	1	AA705237	0.104424178	-0.195903173	0.426171036	0.275234037	-0.078364533	-0.371519934	-0.125257625	-0.168762547	-0.086249884	-0.118645214
A7	A7	1	AA485752	-0.02515574	0.047776661	-0.365575925	-0.155413273	0.401885473	0.166438261	-0.369056319	-0.339504041	0.365940441	0.29583679
A8	A8	1	H81821	0.024792862	-0.100325739	0.137568039	-0.103215068	0.287512988	0.155281316	-0.139340937	-0.048698997	-0.174916263	0.462171137
A9	A9	1	T46924	0.463647773	0.429507914	-0.233732036	0.389818809	0.204741952	0.187903431	-0.481701124	-0.420515674	-0.480859116	-0.067951008
A10	A10	1	W24076	-0.039160888	-0.006014856	0.479825653	0.095263188	0.338571871	0.381711125	-0.238298552	0.469515552	-0.457792916	-0.37235811
A11	A11	1	AA939275	0.265352341	0.066999946	0.027316151	-0.097079619	0.463784878	-0.185170861	-0.441798304	-0.175556059	0.266130142	-0.116714567
A12	A12	1	AA917076	-0.213384923	0.229777916	-0.187206653	0.052883041	0.119596725	-0.482464702	-0.259213528	0.1378956	-0.402980376	-0.240072644
A13	A13	1	T41038	-0.430055408	0.057858737	0.2539125	-0.450229756	-0.346878076	0.09248437	0.431481369	-0.085176627	0.061999922	0.473688453
A14	A14	1	R66006	0.042465263	-0.172647737	0.040688399	-0.430218586	0.230272644	0.004473276	-0.115389448	0.28847434	0.328917217	-0.349259305
A15	A15	1	N70794	-0.328240227	-0.384467706	0.38051861	-0.01544688	0.168415335	0.000115335	0.002088418	0.409201807	-0.361989065	0.099108042
A16	A16	1	AA676663	-0.330870837	-0.292044473	-0.343033221	0.423041663	-0.242274229	-0.189911297	0.015526033	-0.31079286	0.224912076	-0.422474045
A17	A17	1	H52534	-0.337104406	-0.232622662	-0.095121781	0.203583993	-0.162841248	-0.364849137	-0.291942731	0.221769304	0.423625203	-0.463025515
A18	A18	1	T69270	0.372509999	-0.404615024	-0.34749322	0.253028609	0.079938096	0.320922115	-0.246856056	-0.417973487	0.230123923	-0.108845121
A19	A19	1	H96140	0.181134555	0.399253086	0.099110406	0.338101334	0.322294748	0.356836177	-0.351809963	-0.162179219	-0.453956683	0.373102113
A20	A20	1	AA464163	-0.084653264	-0.291061089	-0.359520548	0.320224954	0.412522903	-0.022361797	0.455375817	-0.379419828	-0.300592493	0.37900102
A21	A21	1	R25823	-0.342445343	-0.428082495	0.474385995	-0.189938563	0.324946114	0.054324091	-0.369016448	-0.421909942	0.136350604	0.361107475
A22	A22	1	AI473139	-0.030755064	-0.182514841	0.260360561	-0.431644658	-0.344413507	0.082655309	0.425191519	-0.196223469	0.42047609	0.471234836
A23	A23	1	AI017398	-0.323121356	-0.164177174	-0.319826253	-0.182641905	-0.34395222	-0.407303351	0.294996298	-0.388576403	-0.286723179	0.494403805
A24	A24	1	N63940	0.490424617	-0.129168522	-0.433678689	0.464810612	0.180892915	0.391267424	0.019134703	0.311876467	0.469357482	-0.344514694
A25	A25	1	AI341526	0.172983942	-0.061397581	-0.027029534	-0.066655498	0.006957761	0.128556959	-0.484000189	-0.06785072	0.432333489	0.436475901
A26	A26	1	R85241	-0.096615884	-0.390787867	-0.227701273	0.083557862	-0.073429772	-0.071653494	0.176254512	-0.278433474	0.039770103	0.389531333
A27	A27	1	H08548	-0.284029669	0.03019472	-0.23963719	-0.217708359	-0.004994669	0.441255725	-0.326440935	-0.485859966	0.253132192	-0.357083452
A28	A28	1	AA136054	-0.33037466	-0.073883866	0.081518966	0.142595806	0.359460637	-0.411523273	-0.228847235	0.375460448	0.020626007	-0.296513746
A29	A29	1	AA114872	0.311936349	0.424010122	-0.187301613	-0.415764925	0.007567985	0.239268614	0.012581582	-0.316177504	0.46083514	-0.447648315
A30	A30	1	AA156988	-0.426646172	-0.323194529	0.082546404	-0.166283361	-0.040902888	-0.422448264	-0.225027636	0.132656178	-0.40830823	-0.471895444
A31	A31	1	AI143948	0.275572725	-0.23868289	-0.04577931	-0.142908309	0.403912916	-0.186318673	-0.054431582	-0.324934319	-0.310858225	0.466194425
A32	A32	1	H65659	-0.121448066	-0.498921877	0.390204547	0.191250321	-0.414686801	-0.102227469	-0.069481065	0.09789478	0.081595027	-0.108645924
A33	A33	1	T62985	0.150246465	0.154948856	0.068159547	-0.267207131	0.488665495	-0.472743342	-0.189655396	-0.236362142	0.159912836	-0.097963626
A34	A34	1	H72388	-0.208257585	-0.06451444	0.163353484	0.245963105	0.292577252	0.0672664	-0.440355568	-0.26185433	0.242332081	-0.251213794
A35	A35	1	W45148	-0.295659905	-0.379115985	-0.25013567	-0.405455358	0.312134336	-0.164822472	-0.007682827	-0.257346728	0.433072308	-0.4260878
A36	A36	1	T48864	0.134007347	0.083318772	0.228861055	-0.297833106	0.316111641	0.21752655	-0.270576448	-0.373543755	0.481164408	0.389336388
A37	A37	1	R08816	0.028492619	-0.227093177	-0.175178052	-0.308153898	-0.481130072	-0.382600801	0.259112502	-0.42148564	-0.144455131	0.001444583
A38	A38	1	AA732783	-0.172699434	0.059884964	0.122328598	0.077164896	0.154429605	-0.065537066	0.412342424	-0.353253222	0.177116205	0.345414732
A39	A39	1	H93373	-0.279341022	-0.188876447	-0.071266496	0.449520033	0.013290446	-0.255154856	0.167046583	0.242713998	-0.128698611	0.148210991
A40	A40	1	AA410394	0.132050385	0.399794008	0.421117814	0.456872333	-0.408359889	0.439987741	-0.425728467	0.350752613	-0.481497899	-0.070183598
A41	A41	1	AA669042	-0.147802804	-0.154197333	0.489701365	0.474525794	0.422967563	0.14413097	-0.091011272	0.335309986	0.290877748	-0.413895066
A42	A42	1	AA775521	0.180724718	-0.488463275	-0.102771514	-0.390541778	0.461056758	0.410518932	-0.145696634	0.128103341	0.15323293	0.225604755
A43	A43	1	AA196000	-0.223685668	-0.214716685	0.125398763	-0.302567855	-0.257844352	0.217038874	-0.362580114	-0.183572819	0.067791486	-0.344078012
A44	A44	1	AI261580	0.246243582	0.419988682	0.001724655	0.235944947	0.394514476	-0.075307783	-0.119924082	-0.196496796	-0.239997796	-0.329046335
A45	A45	1	AA136910	-0.110391863	0.440726921	-0.317509609	0.286836623	-0.449814857	-0.356452851	0.197355555	-0.095511491	0.271650489	-0.149411515
A46	A46	1	AA436008	-0.369906737	-0.452035179	0.1358718	0.255492026	-0.254603034	0.378027448	-0.0274691	-0.117183147	-0.305545371	-0.459677614
A47	A47	1	AA682819	0.03873884	0.440698211	0.460311068	-0.459536505	0.176643158	0.354825544	-0.034844288	-0.443280925	-0.341671252	0.225157915
A48	A48	1	H23277	-0.27232726	0.047936885	0.165884837	-0.089836869	-0.165226492	0.216069979	0.05371028	-0.467870936	-0.379441513	-0.174639231
A49	A49	1	AA402915	-0.117282452	-0.249348249	-0.12667441	-0.481410651	-0.493856223	0.118722556	0.396616796	-0.021325323	-0.498460592	-0.408928575
A50	A50	1	W80489	0.018997063	0.040278248	-0.468230364	-0.020691869	0.080741742	0.208412793	-0.165866325	-0.454102546	0.265131868	-0.007537577
B1	B1	1	N49204	2.271055369	2.492804609	1.540399308	1.936940205	1.90296774	1.875172816	1.653010184	2.456678019	1.90730188	1.773568672
B2	B2	1	AA279188	1.782038788	2.290019428	2.024220422	2.155364378	2.308608776	2.0303642	1.774086934	2.205225573	1.509038876	1.775626342
B3	B3	1	AA872057	2.296296997	2.028035939	2.315904589	2.328066633	1.50734407	1.896646332	2.036479426	1.841477745	1.942543786	1.801611295
B4	B4	1	AI368402	2.333940168	1.713599154	1.794415903	2.374339476	2.15053936	2.197383643	1.749512292	2.303549544	2.154061662	2.156814171
B5	B5	1	AA043347	1.577118215	2.43610045	1.9468336	2.101338638	2.091464828	1.755442376	1.631702837	2.365551762	2.460667949	1.640741713
B6	B6	1	H97175	1.641178103	2.256964946	2.168777652	2.457082693	2.085031579	2.176121722	1.853729024	1.621511005	1.517599467	2.29627281
B7	B7	1	AA600189	1.9231223	2.351539635	1.509871964	2.217538203	2.22587911	2.160411323	1.914921846	2.475391402	1.963960867	1.568983508
B8	B8	1	AA489331	2.132205574	2.041079082	1.505083958	1.579039173	1.64241772	2.096548786	1.834481549	1.774120556	1.962100548	1.795149498
B9	B9	1	W69791	1.914862269	2.103278651	1.552114444	1.583639921	2.060361343	2.137146023	2.259761643	2.414090367	2.258657028	2.27736111
B10	B10	1	N45141	2.210363177	1.681779328	2.128900745	2.220235141	2.399317531	1.854779856	1.880646463	1.814239377	1.830171258	2.34460733
B11	B11	1	AA609785	1.883222884	2.462376832	1.885686412	1.888306842	1.541416005	2.028104132	2.484855628	1.875897554	2.302224688	1.946956176
B12	B12	1	AA148045	2.171047052	1.717086957	1.550234826	2.223161496	1.800726878	2.11059617	1.860307519	1.560488521	2.024686537	1.618964547
B13	B13	1	AA463976	2.337849631	1.735049713	1.800743875	1.966750376	2.455284854	1.700061406	2.321530232	1.835931317	2.014300782	1.651701489
B14	B14	1	AI382422	1.680538648	2.397523666	1.614078321	2.06622506	1.785830508	1.655494325	1.594329192	1.770686137	2.031391879	2.39655388
B15	B15	1	H64280	2.217642312	1.702438931	1.613640836	2.267877139	2.425600427	1.914367714	1.878473308	1.785907946	1.974856235	2.403159845
B16	B16	1	AA704471	1.904872492	1.812705866	1.638209558	2.205616368	2.279456242	1.593494412	2.405677773	2.100986473	1.929425729	1.919978555
B17	B17	1	AA772803	2.252687963	2.109964377	1.817502221	2.366766284	1.676189437	2.10333273	1.522260609	1.770518628	2.374018866	2.053652488
B18	B18	1	AA481255	1.667072508	2.091661179	2.256091419	1.780713344	1.859538317	2.181691845	2.195081058	2.238011625	2.467599791	1.669937293
B19	B19	1	N72488	2.141171469	1.872472283	1.982643158	2.279381027	1.57808865	1.762099399	2.372875439	2.483766423	2.363085872	1.802301168
B20	B20	1	R00103	1.903744978	2.115773835	2.412265545	2.221247199	1.982540119	1.588454981	1.824579929	2.004800728	1.85897361	1.698598795
B21	B21	1	AA448280	1.558453216	2.026046118	2.290259973	2.314544634	2.306759462	1.64979829	1.996236479	2.00184052	2.387809915	1.96383627
B22	B22	1	T83098	2.171777812	2.028981384	2.336308553	1.65442097	1.808362411	2.414397203	1.916520369	1.68123785	2.398163626	1.779606242
B23	B23	1	AA019320	1.983539019	1.801908604	2.395380077	1.895804564	1.523155803	1.877920196	1.984259545	1.847735732	2.382720924	2.343233155
B24	B24	1	AA461325	2.046334527	2.441174139	1.869279272	1.836594499	2.255718773	1.676038734	1.986392789	1.751955253	2.177879254	1.874202703
B25	B25	1	AA668230	2.215791523	1.849657067	2.403184087	2.052100075	2.004078037	1.711546498	1.966497278	2.420598406	1.892784348	1.864660905
B26	B26	1	AA700054	1.700204648	2.376323367	2.166569509	1.595584725	1.77212793	2.189725312	1.97350492	2.256387475	1.537461043	1.856225844
B27	B27	1	N93428	2.099620629	2.08379557	1.797399982	2.468899901	2.420390069	1.553118755	1.644938636	1.906782858	1.805074008	2.32281789
B28	B28	1	AA682469	2.280985561	1.52086553	1.672474956	2.184169648	2.072965605	2.176552992	2.395716146	1.539462883	2.097151398	1.788500494
B29	B29	1	AA708155	1.904123788	2.297356045	1.66482386	1.570693296	2.39294077	1.93695179	2.260418608	1.86644569	1.693339265	2.297879652
B30	B30	1	AI420743	2.222671533	2.292959895	1.881675221	1.520071515	2.261859796	1.80206529	1.57319027	2.406798431	2.208848148	1.878264278
B31	B31	1	H63124	2.229616321	1.989833708	1.899129807	2.402091276	1.674003356	2.472095413	2.078644269	1.569719501	1.511558296	1.675795667
B32	B32	1	AA007395	1.858219995	1.915682083	2.473151712	2.023043855	1.98637538	2.366092482	2.459995646	1.746793988	1.732538172	1.653334911
B33	B33	1	AA453859	1.544673639	2.455209705	2.446294805	1.92634886	2.475281219	2.208154601	2.22841415	1.54847149	2.114953032	1.937262298
B34	B34	1	H68509	1.926735768	1.844569352	2.427096006	2.325865575	1.746660628	1.601099362	2.297960987	2.325304897	1.670818863	2.309519283
B35	B35	1	AI244615	1.501100564	2.029038857	1.725201366	2.474252276	1.552082712	2.211576746	2.340344757	1.512078358	2.458370734	1.572882929
B36	B36	1	R12473	1.665413269	1.503044374	1.528092633	1.611708074	1.929393234	1.503373852	2.319862674	1.657807384	1.551845342	1.934815706
B37	B37	1	AA446120	2.095069682	1.97858111	2.279385058	2.022165688	1.804446685	1.526045686	2.123265049	1.602407672	2.351350583	2.294083911
B38	B38	1	AI094603	2.411926955	2.352451147	1.823122769	1.637128321	2.326703423	1.875205481	2.348705068	2.16704818	1.887283839	2.307075802
B39	B39	1	H21045	2.239931108	2.052697108	2.310120176	2.268023741	2.164405181	1.739513409	2.271397594	1.984267856	1.897320793	2.323242936
B40	B40	1	N57553	2.419083561	2.492390475	1.801824046	2.198468619	2.014556163	2.10627073	2.224514305	1.637821212	2.208678402	2.075864888
B41	B41	1	AA055350	2.431905123	2.120605357	1.928316035	1.755027892	2.257733678	1.755019458	2.130233373	2.106438745	2.422067637	1.517517212
B42	B42	1	AA863086	1.913514547	2.161998746	2.070214319	1.723634723	1.930022487	1.7346195	1.963148132	1.701420081	2.218887356	2.360468925
B43	B43	1	AA418675	1.524663017	2.137970916	2.352859401	1.826487062	1.836439535	1.867415563	2.432757793	1.56095384	2.005236775	2.141436195
B44	B44	1	H09924	2.136818728	1.937141898	1.762041551	1.565134763	2.19216979	1.519775229	1.82015422	1.822403163	2.126213974	1.742221857
B45	B45	1	AA478959	1.839920375	1.539728521	2.404220603	2.410134694	1.763363244	1.83424309	1.644754194	2.226511375	2.035663171	2.363641549
B46	B46	1	AI457674	2.0869803	2.060326188	2.001612465	1.939839701	2.38681325	2.338052001	2.307255264	2.319571043	2.399005841	1.812492039
B47	B47	1	AI566163	1.961007237	2.035824569	2.249633937	2.223048788	2.100959332	1.941803727	2.242824017	2.421113553	2.26420689	1.86903799
B48	B48	1	T48692	1.66333541	1.604127264	1.908766511	1.567556013	1.514261957	2.172129754	1.901799103	1.659016151	1.898641129	2.437462274
B49	B49	1	AA887330	1.5226577	2.48562143	1.997788461	2.024270165	1.925461131	1.884601711	1.862322166	1.732716395	1.704172754	1.761328007
B50	B50	1	H90431	2.045208433	2.165179991	2.297152576	1.79484237	1.888228779	1.898111907	2.236646097	1.631052795	1.81922546	2.000852987
C1	C1	1	AI276134	-1.999909215	-2.017439131	-1.89501975	-1.591142704	-1.949883118	-1.880757792	-1.919012949	-1.548084015	-1.721741641	-1.52037182
C2	C2	1	R88246	-1.610621742	-1.699083942	-1.53475039	-2.112833281	-2.174813777	-2.10928926	-1.72823157	-1.812491611	-1.876572865	-1.524058816
C3	C3	1	H15250	-1.551163605	-2.331364432	-1.858878826	-1.754011029	-2.036522062	-2.470650047	-2.355899122	-2.299875965	-2.339597252	-2.036673663
C4	C4	1	AA279133	-1.799022979	-1.839506467	-1.554112793	-2.194042728	-1.930649171	-2.003995911	-1.574800521	-2.34966212	-2.052079927	-1.796542162
C5	C5	1	AA456400	-2.37003394	-2.162701669	-1.995626104	-2.40478433	-1.77553495	-1.670439881	-2.01407359	-2.00376652	-1.982931492	-2.390646455
C6	C6	1	AA431414	-2.027825337	-2.034095097	-2.222010887	-2.386704163	-2.288106127	-1.758532949	-2.35735421	-2.144005249	-1.558408915	-2.196951462
C7	C7	1	AA913846	-1.680678912	-1.857431893	-1.53645793	-1.734791705	-1.551474622	-1.967107101	-2.238787617	-1.626275142	-1.816769221	-1.790867544
C8	C8	1	AA862722	-1.922817304	-1.686803162	-2.453569213	-2.418443409	-1.591587492	-1.729104164	-1.58888329	-2.105661082	-2.232870684	-2.071814782
C9	C9	1	AA994666	-1.996307537	-1.760696021	-1.60590988	-1.718318425	-1.647400184	-2.394016007	-1.976851374	-1.504754394	-2.038021257	-2.035260289
C10	C10	1	H41489	-2.201705857	-2.218700169	-2.392692182	-2.238163787	-2.453491875	-2.444166804	-1.705270888	-2.192279492	-1.570441946	-2.02204011
C11	C11	1	N72918	-2.483147036	-1.993259251	-2.208843272	-2.436716249	-1.911702659	-2.300430764	-1.665820412	-2.00058595	-1.906091846	-2.398691097
C12	C12	1	H17960	-1.572400732	-2.402399384	-1.659387118	-1.678310612	-1.620717809	-1.806787302	-1.57232662	-2.097569183	-1.811541697	-2.110347877
C13	C13	1	W07300	-1.632829473	-1.513247554	-1.829048046	-1.525521655	-2.251411341	-1.78253992	-2.469688459	-2.456682229	-2.474819412	-1.540130405
C14	C14	1	N66443	-1.978722339	-2.457966448	-2.033389656	-1.687565611	-2.394682697	-2.445092315	-2.487996375	-1.56050311	-1.945678265	-1.894088221
C15	C15	1	AA490684	-2.459194207	-2.018078997	-1.796487605	-1.618581325	-2.196389609	-1.917205414	-1.925368627	-2.26871623	-1.514774598	-2.236910324
C16	C16	1	AA490684	-1.879064106	-1.647604071	-2.250157878	-2.208112152	-1.673125726	-2.00156922	-2.490652073	-1.642814185	-1.958251449	-2.465471485
C17	C17	1	AA485742	-1.682944591	-2.436973789	-2.423437933	-2.216334247	-1.6245394	-2.318120631	-2.161426563	-1.612535775	-2.378623741	-1.607104828
C18	C18	1	AA960912	-2.006623997	-2.337817947	-2.125183825	-2.303111602	-2.456399272	-1.821573435	-1.720317017	-1.881767899	-1.590289664	-1.735091615
C19	C19	1	AA780055	-1.618678224	-1.969353771	-1.882695686	-2.368836102	-1.677465923	-2.055821412	-1.870405322	-1.668117996	-2.198635598	-2.328656772
C20	C20	1	AA923402	-1.633589481	-2.381580189	-2.26563056	-1.557027415	-2.097914436	-2.390169961	-2.375148046	-1.759340999	-1.502705736	-2.253771787
C21	C21	1	T56880	-1.866445827	-2.009329733	-2.091589734	-2.491629652	-1.812441336	-2.047989006	-1.813203087	-2.032758352	-2.429756906	-1.903492752
C22	C22	1	T59043	-2.267849967	-1.54843513	-2.372846522	-1.650545653	-2.417271232	-1.550312445	-2.206367066	-1.787676554	-1.718430442	-1.905002664
C23	C23	1	N51521	-1.616333326	-1.852019923	-1.786582853	-2.381963886	-1.909047338	-2.38449729	-2.272133847	-1.784195384	-1.643838289	-2.274839584
C24	C24	1	W74536	-1.537967171	-2.010284116	-1.784169317	-2.129556905	-2.001913769	-2.096610652	-1.677545912	-2.315116856	-1.629369005	-1.607302818
C25	C25	1	AA668425	-1.718609608	-2.397218972	-1.655737947	-1.591456131	-1.547764625	-1.573009179	-1.641768577	-2.254131692	-1.860685734	-1.860199018
C26	C26	1	R70685	-1.659134355	-1.977019059	-2.212218942	-1.945717209	-1.858982946	-1.62126628	-1.830214499	-1.631116793	-1.905461664	-1.974052788
C27	C27	1	AI359985	-2.405956377	-1.943428836	-2.484336905	-1.690125694	-1.572985741	-1.986250674	-2.286736347	-1.750531653	-1.801367531	-2.416105351
C28	C28	1	H66116	-1.857834471	-2.019977139	-2.313324324	-2.013572418	-2.11143327	-2.361088949	-2.086581598	-2.253201846	-2.115220641	-2.447267331
C29	C29	1	R58969	-1.613400865	-2.274354997	-1.924286391	-2.325619807	-1.720072206	-2.283269337	-2.446886086	-2.050286705	-2.41438613	-1.852347751
C30	C30	1	H73644	-1.524339493	-2.320342508	-2.295776587	-1.508676398	-1.510468202	-2.368762328	-1.994927072	-2.297204548	-1.619293981	-2.296294603
C31	C31	1	N57872	-2.2133099	-1.977128452	-1.816271742	-2.026634224	-2.490700871	-2.427705012	-1.887723173	-2.077282468	-2.180906859	-1.502943815
C32	C32	1	T73739	-2.0245498	-2.294307724	-2.277298811	-2.448836191	-2.11992753	-2.497371017	-2.232105528	-2.066813617	-2.047657722	-2.146491658
C33	C33	1	AI681514	-2.419161368	-2.071997215	-1.966834166	-2.214937955	-2.080673613	-1.977302368	-2.083700283	-1.575600686	-1.774506916	-2.202994265
C34	C34	1	AA485626	-2.371895289	-2.487816817	-1.680122717	-1.688167032	-2.014451041	-1.670823588	-1.615872044	-2.402174215	-2.248106056	-2.296778903
C35	C35	1	AA181307	-2.40511803	-1.772655856	-2.091086627	-2.182416841	-1.721492047	-1.711014158	-2.179787858	-2.453597575	-2.277827775	-1.72744558
C36	C36	1	W69954	-2.100089233	-2.196989143	-2.299442794	-1.566923399	-1.911927098	-1.880116407	-2.044225767	-2.495627381	-1.955717093	-2.318732684
C37	C37	1	AI337422	-2.198621646	-1.827612382	-2.3065495	-2.378744363	-2.015779414	-1.821000542	-1.549567951	-2.131651459	-1.723174756	-2.297674008
C38	C38	1	AA775325	-1.928430362	-1.628292786	-1.570329865	-1.519516989	-2.310709627	-1.791821912	-1.730531147	-1.990497485	-1.745419487	-1.508358921
C39	C39	1	W23690	-2.217943064	-2.345508721	-2.205348064	-2.017385859	-2.41243212	-1.617275162	-2.397502266	-1.956657887	-1.612902544	-1.85321936
C40	C40	1	H09730	-1.775390571	-2.31152419	-2.180831742	-1.581940071	-2.190268553	-1.696611157	-1.902940612	-2.239836505	-2.328262615	-2.126115369
C41	C41	1	W77811	-2.037510513	-1.756692978	-2.254408155	-2.107840378	-1.776209967	-2.065117782	-2.39966229	-2.006741114	-1.555615266	-1.645081778
C42	C42	1	AA457097	-2.015100035	-2.273558331	-2.490590498	-1.7204481	-1.79094419	-2.403022618	-1.837723262	-1.688446456	-1.859680505	-1.950625806
C43	C43	1	AA680099	-2.041665816	-2.135071076	-1.762149996	-1.722497558	-2.217011147	-2.452418549	-1.919108714	-1.619951759	-2.192255055	-1.74737133
C44	C44	1	AA916780	-2.246067128	-1.729765568	-2.004064308	-2.000475283	-2.337605946	-2.280274275	-1.565593065	-2.237268236	-1.787015389	-1.621208331
C45	C45	1	AA777799	-2.382350014	-2.302115424	-2.394766662	-2.372940512	-1.522563524	-1.685710852	-2.27596313	-1.860286787	-1.874157308	-1.635643636
C46	C46	1	AA453691	-2.310912593	-2.415823124	-2.270714711	-1.573062589	-1.638320682	-1.987725858	-1.525481138	-2.057429397	-2.107677618	-2.217736193
C47	C47	1	AA699919	-2.304800726	-1.853744746	-2.447501761	-1.808865034	-2.354220029	-2.285107708	-1.589139309	-2.419813093	-2.022375944	-1.876154698
C48	C48	1	AA410346	-1.541021425	-1.904725958	-1.678270122	-2.435788087	-1.777666471	-1.700833647	-1.621498939	-1.553629601	-2.061120433	-1.995656247
C49	C49	1	AA156749	-1.689273237	-1.872033026	-1.911479371	-2.459987949	-1.945095615	-2.049800053	-1.947713807	-1.970576753	-1.607229449	-1.555391425
C50	C50	1	H19234	-1.688312947	-2.412030176	-1.909136171	-1.635814709	-1.720895211	-1.763356199	-2.420922416	-1.81003452	-1.683169293	-1.943298361
D1	D1	1	R13558	1.813810782	2.775809282	2.651975681	2.13554066	2.340021195	1.87430921	1.434707013	1.718522256	2.320679609	2.37358658
D2	D2	1	AA664101	1.722866009	2.631406371	2.501553554	2.811386638	2.171418423	1.556457939	0.761586585	1.223704616	1.585881185	2.154357135
D3	D3	1	AI337368	1.668313191	2.897568238	2.742326959	2.75917702	2.26175353	1.021431748	0.995820821	1.840831113	2.211397228	2.312651528
D4	D4	1	AA918490	1.897532752	2.02520801	2.58846081	2.549508433	1.66074867	1.928482006	0.923817643	1.095455683	2.147004262	2.244497252
D5	D5	1	AA702358	1.969042263	2.869870271	3.375903624	2.470595817	2.181256909	1.547322046	0.527053756	1.942843494	2.271026662	2.112934941
D6	D6	1	AA455235	1.597200629	2.939339852	2.510503179	2.339527588	2.198516872	1.772256709	0.860959337	1.194337693	2.113087822	2.072356565
D7	D7	1	AA443630	2.006989221	2.010620574	2.597564575	2.595450032	2.060129007	1.258313245	1.023932037	1.983946651	1.853768928	2.170936299
D8	D8	1	AA633569	1.728443902	2.822811192	2.540806571	2.104347526	1.793407009	1.722063479	1.151669572	1.320460765	2.164906973	2.422696233
D9	D9	1	AA775241	1.933395706	2.762107602	2.862036085	2.443898886	1.60163519	1.060552957	0.716155594	1.462594527	1.75489065	2.829243416
D10	D10	1	AA977417	2.034951091	2.761879871	3.33986399	2.632515667	1.857329902	1.399992998	1.390828912	1.88126194	1.883939649	2.24459784
D11	D11	1	T98253	1.552198239	2.612383551	2.567409032	2.093004809	2.216731077	1.360816041	1.315068288	1.368400649	2.181276805	2.479975261
D12	D12	1	H72098	2.291096882	2.114672511	2.742082864	2.153132967	2.058571396	1.343718054	0.713685924	1.774726991	2.30631258	2.468576574
D13	D13	1	T77281	2.103970407	2.341263671	2.730456445	2.443834397	2.473779338	1.587786348	1.343827395	1.864608249	1.969048287	2.227767043
D14	D14	1	AA701963	1.609206089	2.521246525	3.340150594	2.176615121	2.114251335	1.55688167	1.037431161	1.429319623	2.425282319	2.218707966
D15	D15	1	H51574	2.409294884	2.716379201	2.833380477	2.151377747	2.369512168	1.891951873	0.995095801	1.083198092	2.166678864	2.301408381
D16	D16	1	AA994866	2.051774666	2.27064927	3.142672053	2.782231111	2.214483667	1.61645139	0.870017459	1.558311062	1.981059639	2.839065745
D17	D17	1	H02307	2.286078105	2.590265729	2.860312271	2.626228699	2.266880849	1.974563605	0.683110369	1.30431201	1.903883228	2.108392688
D18	D18	1	T49652	2.023019976	2.313178112	3.324771889	2.856400453	1.964555859	1.694284056	1.248352326	1.95965166	2.277482148	2.415031189
D19	D19	1	AI474406	1.761060041	2.329256814	3.185680459	2.903732094	1.611487925	1.400164126	1.020183484	1.481505383	2.458475187	2.001243123
D20	D20	1	AA190871	1.820571128	2.744553292	3.091508851	2.680883399	1.870781991	1.3583897	1.155447004	1.55389236	2.16270171	2.059330232
D21	D21	1	AA873885	2.162285048	2.185721686	2.872508344	2.487056936	1.542122138	1.837064203	0.681340992	1.790474464	2.296715863	2.958823139
D22	D22	1	AA504772	1.705505652	2.057775904	2.788079953	2.891186111	2.461507997	1.399567877	0.791350237	1.481691481	2.38107326	2.249825425
D23	D23	1	R82299	1.982934603	2.201644388	3.494378717	2.074443454	2.382527788	1.365160707	0.932833154	1.537974792	2.419053067	2.095534863
D24	D24	1	AA479243	2.097305024	2.581338114	2.781256549	2.969813367	1.56839505	1.323378687	1.30687757	1.249736041	1.613853151	2.603593433
D25	D25	1	AI339400	1.708559181	2.319358803	3.161369337	2.496639133	1.710544914	1.622877334	1.39620701	1.501895151	1.604568814	2.777280271
D26	D26	1	AA086476	2.251720575	2.587503417	3.478924659	2.746099291	2.161946871	1.861452446	0.611259999	1.094780025	1.899427238	2.030313065
D27	D27	1	AA485376	1.690314888	2.996732261	3.111651179	2.471571437	2.466545629	1.680046229	1.294950124	1.773423199	2.42978227	2.908803274
D28	D28	1	N67869	1.877016632	2.138341451	2.728162077	2.038385969	2.134980584	1.438706991	1.161263303	1.531187594	2.440602141	2.765832117
D29	D29	1	AA669162	1.808467865	2.692322716	2.853335534	2.287392523	1.938422007	1.015282405	0.648844969	1.549682006	1.61006243	2.548272207
D30	D30	1	R01732	2.079995072	2.300377318	3.045004469	2.191646251	2.271948755	1.511550098	1.37169248	1.566898879	1.784973297	2.801474751
D31	D31	1	H06541	1.975702154	2.661989929	3.439816201	2.70386423	2.200375898	1.574796785	0.642571221	1.361639201	1.605984379	2.083173362
D32	D32	1	AA620426	1.627471318	2.414452243	3.275496078	2.480806851	2.201844766	1.213918086	0.996089256	1.850689736	2.263600091	2.606151687
D33	D33	1	AA453175	1.898961943	2.343595163	3.406529005	2.943966412	2.035241413	1.67847776	0.95551651	1.406933893	1.745376639	2.740489807
D34	D34	1	N59532	1.708408643	2.721078792	2.902479736	2.148224845	1.924943022	1.102855633	1.22302163	1.567514243	1.964494834	2.829006008
D35	D35	1	AA709322	2.150687605	2.591966151	2.743458251	2.426183683	1.572773003	1.945303018	1.140101768	1.568862259	2.295992753	2.40370186
D36	D36	1	AA047078	1.675013945	2.194954697	3.247297022	2.08154295	1.638921109	1.282538436	1.260020709	1.594437618	2.189472329	2.005397348
D37	D37	1	AA454854	1.834927425	2.897880972	3.22647614	2.73740716	1.546105817	1.151419162	1.340262793	1.769127447	2.218933405	2.304757627
D38	D38	1	AA844818	2.098133455	2.36962101	3.396723778	2.841591706	2.295804692	1.969496781	1.286894724	1.435906461	2.038359039	2.582887478
D39	D39	1	AA682399	2.33960832	2.713372984	3.277842174	2.586905343	2.294915934	1.916763283	1.369443778	1.554936643	2.011200901	2.558916107
D40	D40	1	AA125872	2.060333991	2.846128326	2.956797079	2.286810131	2.083535486	1.502902896	0.938229293	1.423798279	1.772030343	2.157162698
D41	D41	1	AA464755	2.228555907	2.870163797	3.026783708	2.625279685	2.211755504	1.3225884	1.094776466	1.498650228	2.258494861	2.133135505
D42	D42	1	AA677185	1.581537705	2.598103181	3.346508489	2.859379879	1.685008524	1.641424423	1.276143162	1.054452301	1.696361065	2.287344063
D43	D43	1	R53942	2.113368408	2.756695056	2.633472389	2.070165487	1.543505187	1.717007875	1.073068384	1.48173448	1.640806154	2.845098726
D44	D44	1	AA404486	2.138897178	2.86936206	3.215262523	2.165680886	1.994641745	1.427018027	0.988269287	1.089418211	2.425668255	2.246764148
D45	D45	1	W44701	1.722553715	2.00720596	3.344867329	2.069062204	2.366585839	1.029875852	1.210486626	1.642729001	1.584328153	2.906847691
D46	D46	1	AA496376	2.430073064	2.697696561	3.163542747	2.063545452	2.267862048	1.707047934	1.280553326	1.340930432	1.688782413	2.92135948
D47	D47	1	AA663439	1.686029158	2.827679592	3.29072154	2.901291681	2.493360477	1.285363285	0.828309708	1.481629764	1.874781495	2.253977963
D48	D48	1	H63077	2.228393911	2.597335211	2.761183923	2.57326124	2.166397414	1.127769762	1.103137092	1.37688404	2.270498763	2.687465244
D49	D49	1	AA419108	1.783731731	2.700571826	2.885161805	2.947274478	2.264117278	1.153023854	1.154322412	1.544670605	1.993954286	2.843104825
D50	D50	1	AA451895	1.966030085	2.679983443	3.170784417	2.256751624	2.081275124	1.664144895	1.04211491	1.909584832	1.645774658	2.916896405
E1	E1	1	AA872001	1.663562795	1.87416857	1.014231615	1.424746717	1.94742981	2.180629029	3.052516479	2.050566901	2.057513069	1.323015242
E2	E2	1	H15504	2.238032145	1.8412448	0.523587068	1.123193951	2.288519279	2.787704346	2.776217805	2.44284169	1.83237495	1.77017209
E3	E3	1	AA465051	1.785946516	1.798405035	0.950155533	1.956730932	1.555156659	2.031430657	3.120875827	2.597271569	2.441015488	1.766650485
E4	E4	1	AA884167	2.014167974	1.104578283	1.140819055	1.028399589	2.029325	2.088248864	2.709028618	2.08184148	1.638815765	1.766541687
E5	E5	1	T65864	1.904856721	1.876847911	1.107786487	1.428443789	1.500041862	2.396305766	2.716148135	2.276259666	2.339147456	1.548523086
E6	E6	1	N50959	1.546431756	1.125093972	0.84692812	1.496587289	1.581824904	2.402084779	3.028017945	2.702700731	2.499356348	1.469033434
E7	E7	1	AI343711	1.969351216	1.513524321	1.073611717	1.110170271	2.04192391	2.102936717	2.698419135	2.750952528	1.684778197	1.3372349
E8	E8	1	AI341924	2.017494215	1.589634918	0.714082811	1.125280702	1.518078707	2.214124673	3.021586468	2.234226842	1.990384339	1.360733924
E9	E9	1	H19687	2.282749928	1.536816095	0.985827896	1.129678048	1.533403383	2.5676528	3.031762827	2.561421328	1.770353531	1.531119175
E10	E10	1	R55789	1.530454762	1.739704747	0.544643496	1.604066479	2.349875018	2.586567406	3.207003196	2.048294153	1.837519934	1.891781393
E11	E11	1	AA598991	1.885529053	1.85501415	0.981416311	1.599611864	2.480294852	2.499495017	3.313736537	2.50188132	2.233721859	1.304120875
E12	E12	1	H28119	2.362615244	1.516471787	1.34093697	1.34844314	2.146149834	2.874340353	3.41609594	2.177912661	1.935761681	1.186449471
E13	E13	1	R31758	2.209031836	1.466216443	1.426154218	1.753675331	1.570282922	2.776029235	2.840242737	2.777286117	2.324323388	1.677762672
E14	E14	1	AA866113	2.16906751	1.209852441	1.032776821	1.15048382	2.309464305	2.513071673	3.149978837	2.623200841	1.514952993	1.383700697
E15	E15	1	N26688	2.427321716	1.877568237	1.400172484	1.768258686	1.726011377	2.546322318	3.142599039	2.142107317	2.224234979	1.07836072
E16	E16	1	AA455997	1.828556788	1.433266814	1.044577163	1.254711005	1.686942145	2.614860084	2.53074024	2.527184883	1.892146201	1.855063628
E17	E17	1	AA034051	1.704947555	1.061213711	0.564916068	1.737724375	1.711697531	2.874380373	2.750796048	2.861676369	1.997581214	1.265749041
E18	E18	1	R98254	1.745377066	1.42490293	0.643317278	1.145549549	1.693161616	2.369328655	3.191871867	2.835760655	2.011435972	1.416106845
E19	E19	1	AA478273	2.414121374	1.83999276	1.349373659	1.458698537	1.594703765	2.036315804	2.573558622	2.125444005	2.063500687	1.465704823
E20	E20	1	R19628	2.480507633	1.768448241	1.026918534	1.045423701	2.006172616	2.738616065	3.419804073	2.756968664	2.100292434	1.417385287
E21	E21	1	AA702174	1.522717705	1.845669499	1.342288217	1.166034983	2.491219048	2.035449833	3.035363637	2.683090914	2.371210488	1.046799609
E22	E22	1	AA002126	1.599197759	1.785331862	1.386792369	1.948571417	1.744030399	2.981496133	3.484887221	2.317589021	1.606940138	1.548387908
E23	E23	1	H48706	2.283293843	1.087447771	0.816836149	1.310212377	1.632871471	2.823008765	2.548828442	2.052675545	2.079977429	1.649120876
E24	E24	1	R07870	1.970060832	1.602695134	0.994790374	1.312349049	2.268730116	2.486009422	2.847798882	2.304093753	1.669100336	1.21900937
E25	E25	1	AI628066	1.850893363	1.268298095	0.504341232	1.237685732	1.716869513	2.248371631	2.719181865	2.201756734	2.065960651	1.326122003
E26	E26	1	AA460685	2.250144642	1.349254495	0.913569774	1.06698079	2.159466872	2.546441245	3.389989555	2.708295314	2.09911679	1.469966984
E27	E27	1	N62866	1.857416189	1.069177622	0.572662117	1.852206563	1.88152667	2.841392234	2.838215985	2.729325552	1.645485987	1.507316321
E28	E28	1	H89664	2.448334922	1.49637935	1.275614416	1.952676153	2.234065081	2.992483928	2.701047784	2.953246946	1.694240662	1.767008435
E29	E29	1	AA938940	1.779368949	1.944385304	0.61626293	1.692938722	1.511366094	2.775729801	2.739379967	2.901355649	1.984025115	1.838496757
E30	E30	1	R97710	1.871322633	1.841441303	1.407674378	1.443984751	2.193647867	2.289201049	2.785376984	2.031863851	1.518526601	1.430862971
E31	E31	1	AA961402	2.039180173	1.966861523	1.42724232	1.314794589	2.419537676	2.661307401	2.807278517	2.120585459	2.114554347	1.501519179
E32	E32	1	H57779	2.387593894	1.893923296	0.945904483	1.003856824	2.086862018	2.457270577	3.279586625	2.826241985	1.858626226	1.26361174
E33	E33	1	T53122	2.164738742	1.729948859	0.605053043	1.57241312	1.673933609	2.798700909	3.361614169	2.459310593	2.330564761	1.88014077
E34	E34	1	H93837	2.390173564	1.369744933	1.347002293	1.817415885	2.184539522	2.766539968	2.978723286	2.991818039	2.387125427	1.093277633
E35	E35	1	AA991590	1.993337218	1.774719322	1.487200929	1.9392417	2.278576145	2.574062947	2.896512277	2.55816277	1.900304933	1.755138502
E36	E36	1	AA873159	2.321774509	1.065043674	0.985087361	1.926827552	2.137456795	2.659020971	3.225528461	2.499070963	1.618331564	1.556093221
E37	E37	1	AA456474	1.879211733	1.008505127	1.425838154	1.226214026	2.325921012	2.610377676	3.492753993	2.304644298	2.102195714	1.879879421
E38	E38	1	N53169	1.897921931	1.095532932	1.154598742	1.38512286	1.534774632	2.433174887	3.459185808	2.431286909	2.491337657	1.35949074
E39	E39	1	H15842	1.686425411	1.813112166	0.924534414	1.671512772	2.239939718	2.061991209	2.830533742	2.465468179	2.061062172	1.448865306
E40	E40	1	AA478589	1.5215614	1.940273905	0.957370433	1.947399554	1.66648793	2.283291445	3.05777723	2.159241924	2.087935743	1.159972944
E41	E41	1	T70891	1.539121344	1.985857674	0.755505875	1.693720086	1.870980534	2.290280507	2.626894973	2.330166341	2.221567416	1.11823263
E42	E42	1	H68848	2.189657081	1.907992826	1.431344796	1.114191495	2.079505599	2.671284514	2.676182704	2.910039341	1.636752693	1.737244875
E43	E43	1	AA633658	1.858904647	1.158314093	1.17751878	1.81627508	1.605713646	2.844006711	2.599566525	2.663490876	1.503248634	1.687502268
E44	E44	1	W42849	2.323463819	1.042369978	1.173359942	1.078969695	2.236090064	2.044340476	2.869250202	2.862985037	1.874506817	1.090817617
E45	E45	1	AA598510	2.481217667	1.064163898	1.498810444	1.912562463	1.678355393	2.578316042	3.083846977	2.354538097	1.988355383	1.720599669
E46	E46	1	AA293571	1.591782972	1.84726003	1.378913762	1.769301752	2.163535109	2.984627408	3.113308462	2.763101635	2.148118284	1.616557096
E47	E47	1	H49455	1.950603902	1.471582104	1.158927074	1.123963844	2.050551798	2.395017138	2.66830432	2.919802	1.758002175	1.542811138
E48	E48	1	H24316	1.510619617	1.239219841	1.106975036	1.00943006	1.651782303	2.785330429	3.087746102	2.73562928	1.639868525	1.076101484
E49	E49	1	AA995875	1.956228949	1.231651497	1.423361514	1.33514271	1.500953248	2.586896623	2.819770118	2.61426171	1.849998257	1.967888402
E50	E50	1	AI075049	1.730818806	1.800602159	0.939470505	1.88974588	2.424566004	2.990022303	2.784763019	2.092870324	2.409824303	1.542765193
F1	F1	1	R91904	-1.864318538	-2.079556081	-2.718014966	-2.757343503	-1.570126021	-1.066232663	-1.472013074	-1.482379919	-1.830603383	-2.83214455
F2	F2	1	N46843	-1.906278435	-2.874374435	-3.100493053	-2.482916921	-2.039231725	-1.599539805	-1.396020298	-1.219461607	-2.485278095	-2.546022041
F3	F3	1	AA496539	-1.751573205	-2.754459289	-3.245419882	-2.8121027	-2.364713409	-1.820853878	-1.322080397	-1.57995039	-2.227983554	-2.912256095
F4	F4	1	AA872916	-1.537185197	-2.092302093	-3.491812175	-2.255200163	-2.349645596	-1.061938196	-0.821432827	-1.821658671	-2.044318115	-2.652036211
F5	F5	1	H27752	-2.15380322	-2.95059655	-3.026410646	-2.254296274	-1.933513471	-1.065642371	-1.35383608	-1.32953377	-1.785103978	-2.839114175
F6	F6	1	AA621132	-2.375555811	-2.536677184	-3.093573464	-2.620975694	-1.848779884	-1.458286873	-0.941829572	-1.170860281	-1.538237263	-2.169813126
F7	F7	1	AI659563	-1.583116376	-2.075422461	-2.762115219	-2.074928551	-1.830622624	-1.111760816	-0.636866747	-1.652055451	-2.433419487	-2.681184863
F8	F8	1	AA779212	-1.804091662	-2.587222707	-3.131781413	-2.830502308	-2.341518981	-1.065294885	-1.396144678	-1.695355061	-1.894828655	-2.181248657
F9	F9	1	H59758	-2.034469236	-2.270384467	-3.217925841	-2.1280427	-2.39136016	-1.066705725	-1.086329573	-1.333189732	-1.737566006	-2.624566836
F10	F10	1	H59758	-2.003002859	-2.320682382	-3.199989296	-2.765118078	-1.895610934	-1.030611921	-1.376878893	-1.532477682	-2.182667372	-2.81029838
F11	F11	1	AA598401	-1.713662544	-2.986759034	-2.897521087	-2.845443957	-2.317261341	-1.239040069	-1.410738843	-1.71340602	-2.43439513	-2.305567497
F12	F12	1	AA706974	-2.394654677	-2.468864365	-3.075951964	-2.612580518	-2.096907066	-1.467312125	-1.179286242	-1.183236639	-2.300501857	-2.916852249
F13	F13	1	AA857163	-2.307803474	-2.303504716	-2.737534632	-2.507792771	-1.568622794	-1.633145565	-1.038404692	-1.945501687	-1.665623247	-2.221072065
F14	F14	1	AA669557	-2.255800068	-2.379285791	-2.707831099	-2.153321155	-1.724729749	-1.02509244	-0.892361224	-1.135468591	-2.23849846	-2.326756354
F15	F15	1	W45572	-1.941036089	-2.633153137	-3.295620719	-2.016988053	-1.745733655	-1.392527785	-0.984300178	-1.925019898	-2.075764424	-2.284802035
F16	F16	1	AA670422	-2.341872147	-2.383567899	-3.088306752	-2.079406778	-2.39136067	-1.656929546	-1.212552343	-1.429765362	-2.102431233	-2.878175591
F17	F17	1	T71316	-2.150837427	-2.358231301	-2.757461382	-2.858668526	-2.011552456	-1.482191131	-1.383760966	-1.90391368	-2.117659723	-2.622259426
F18	F18	1	AA878652	-1.730670034	-2.058695812	-2.755412563	-2.026290754	-1.575683866	-1.501146218	-0.918818539	-1.559984044	-1.926166116	-2.994582964
F19	F19	1	H15085	-2.34478608	-2.268038263	-2.878150862	-2.433092832	-1.847445041	-1.269511532	-0.590022377	-1.059997385	-2.199276894	-2.69245361
F20	F20	1	AA629584	-2.438172976	-2.350114321	-2.550684912	-2.195634358	-1.708782847	-1.562237368	-1.177825489	-1.092543813	-1.966151049	-2.295485212
F21	F21	1	AA012867	-2.214803239	-2.696821083	-2.854181024	-2.970215803	-2.223111838	-1.42986489	-0.971362021	-1.141930378	-2.489848935	-2.897528137
F22	F22	1	R93602	-1.636513341	-2.834635015	-2.6655664	-2.514664203	-1.767727846	-1.513011442	-1.284175735	-1.357750223	-2.073008827	-2.48345263
F23	F23	1	AA453673	-1.550203834	-2.511181802	-3.333566951	-2.100888745	-2.206816161	-1.042349798	-1.163126114	-1.38464165	-1.634893611	-2.129277163
F24	F24	1	AA676955	-2.180126862	-2.84969685	-3.326098246	-2.034307886	-2.319912652	-1.549210084	-0.964172776	-1.291274674	-2.191140462	-2.45402171
F25	F25	1	AA054975	-1.688802811	-2.827653803	-2.788656725	-2.354369211	-1.842318006	-1.556384571	-1.367380653	-1.126493742	-2.414134795	-2.44038948
F26	F26	1	N41062	-2.109946372	-2.964338629	-3.451571283	-2.443513323	-1.565227374	-1.658387444	-0.985863121	-1.728353488	-1.543029093	-2.620756732
F27	F27	1	R74467	-2.357630651	-2.723155955	-2.970453582	-2.683728897	-2.257463841	-1.290366235	-0.732938982	-1.221636617	-2.081640908	-2.924079443
F28	F28	1	R91954	-2.175658328	-2.770443719	-3.251733246	-2.964315053	-1.624812931	-1.094051253	-1.020699624	-1.992193584	-1.720544994	-2.434834419
F29	F29	1	AA443302	-1.932583064	-2.830491366	-2.899173048	-2.384154347	-1.774004688	-1.464400423	-0.542541791	-1.759867809	-1.692753911	-2.085570884
F30	F30	1	W86282	-1.880624541	-2.050384563	-3.308726839	-2.851078123	-2.23411346	-1.56619068	-0.641444358	-1.967052442	-2.287827297	-2.723085266
F31	F31	1	R76314	-2.391131885	-2.463485624	-2.993528986	-2.642865132	-1.927800677	-1.618341917	-1.236916384	-1.948500301	-2.110535501	-2.957461379
F32	F32	1	AA443506	-1.883334721	-2.043118566	-3.287952744	-2.782507769	-1.927272913	-1.061957433	-0.746908193	-1.469814704	-2.321825242	-2.439662104
F33	F33	1	R85916	-2.055385588	-2.202449783	-2.990046667	-2.364112427	-1.553527906	-1.224160128	-1.430303107	-1.194972264	-1.69121257	-2.718130404
F34	F34	1	H69620	-2.41805753	-2.082344455	-2.681616028	-2.411586516	-2.225209587	-1.609416705	-0.529928433	-1.462125971	-2.057917006	-2.640463934
F35	F35	1	AA495981	-1.91958735	-2.941251727	-3.1835825	-2.207540094	-2.223759497	-1.110855414	-0.769497527	-1.97066769	-2.080670118	-2.091322769
F36	F36	1	AA459400	-1.910329794	-2.136055706	-2.793772552	-2.900376461	-2.000168134	-1.347300458	-0.624536589	-1.430471241	-2.042272722	-2.315749159
F37	F37	1	AA099160	-1.648601645	-2.460330253	-2.898093614	-2.330217673	-2.371916769	-1.123303201	-1.439634378	-1.901845202	-2.085429172	-2.497551384
F38	F38	1	AA487634	-2.042309137	-2.005016522	-2.938803112	-2.225891637	-1.712556615	-1.162562609	-0.836747051	-1.482054142	-1.633230299	-2.917417169
F39	F39	1	W38571	-2.073376911	-2.543560093	-2.553472875	-2.867149463	-1.943936555	-1.553641009	-0.714449922	-1.568473144	-2.48411225	-2.756722644
F40	F40	1	AA905362	-2.384222304	-2.132713895	-2.717052897	-2.282315918	-1.962931568	-1.088969667	-0.905619119	-1.402565946	-2.490814869	-2.991048292
F41	F41	1	N36233	-2.40011733	-2.533124006	-3.496064813	-2.338920442	-2.259015644	-1.208621429	-1.001483052	-1.095762695	-2.190675572	-2.634713351
F42	F42	1	N98729	-1.513179864	-2.264052483	-2.678273444	-2.066652739	-1.631201947	-1.622209999	-1.120293748	-1.345651869	-1.690683143	-2.604405998
F43	F43	1	N51280	-1.602374514	-2.074905447	-3.237119893	-2.319427411	-1.857221365	-1.20005146	-0.908397078	-1.762840485	-2.102617406	-2.399211948
F44	F44	1	AA700172	-2.253888777	-2.502734737	-3.432335954	-2.74995359	-2.341655179	-1.691351598	-1.45857502	-1.343138231	-2.287114293	-2.649250591
F45	F45	1	T67552	-2.477851582	-2.800294157	-3.413303074	-2.156125026	-2.366946896	-1.044505022	-1.278335025	-1.487240644	-1.89015689	-2.969018168
F46	F46	1	R11398	-1.591646641	-2.492531404	-2.543923615	-2.828766534	-2.311958815	-1.401144981	-0.528817995	-1.220355893	-1.663985466	-2.631435401
F47	F47	1	T55416	-2.119567841	-2.917874243	-2.634170138	-2.551903796	-2.167827833	-1.975825317	-0.743255394	-1.626402853	-1.818963548	-2.030369687
F48	F48	1	W47196	-1.775653444	-2.29681513	-3.330663844	-2.188956519	-1.952940156	-1.697610741	-0.73346154	-1.231275181	-1.684851385	-2.623618431
F49	F49	1	AA702185	-1.70029335	-2.276498026	-2.616149835	-2.244216966	-1.605264561	-1.92810865	-1.145361947	-1.134082555	-1.648464544	-2.809347413
F50	F50	1	H17528	-2.265517957	-2.768032386	-3.227221656	-2.899688094	-1.819936181	-1.395049489	-1.375513412	-1.563191576	-1.521452342	-2.19447696
G1	G1	1	H86518	-2.093561263	-1.297105786	-0.99129209	-1.424225108	-1.986062305	-2.944232247	-2.621835849	-2.719523845	-1.675507428	-1.306687234
G2	G2	1	AA705047	-1.843142276	-1.375800778	-1.08318526	-1.459292111	-2.120017744	-2.688449821	-2.887400762	-2.265379691	-2.322532376	-1.535865306
G3	G3	1	H20859	-1.574727104	-1.588050333	-0.803897692	-1.80194876	-1.987738427	-2.623833873	-2.696998249	-2.363251839	-1.687025449	-1.218450591
G4	G4	1	H45449	-2.057728799	-1.780586713	-1.015556377	-1.049020889	-1.704811821	-2.001618682	-3.493253136	-2.32664767	-2.221142528	-1.168760565
G5	G5	1	AA128826	-2.133334904	-1.064284804	-1.044561343	-1.216520164	-2.023576915	-2.164579087	-3.404969985	-2.910977677	-1.929958778	-1.727502361
G6	G6	1	H15215	-1.946842983	-1.504685882	-0.815552695	-1.750740675	-1.806634642	-2.803291122	-2.874574549	-2.503632891	-1.666542961	-1.561599998
G7	G7	1	AA081039	-2.222083482	-1.72427176	-0.842186711	-1.237639859	-2.27329265	-2.546998532	-2.739258541	-2.766545786	-2.373646203	-1.960401069
G8	G8	1	AA705395	-2.435306351	-1.506981107	-0.524685873	-1.479867694	-2.223501271	-2.548262788	-3.144446781	-2.628471256	-1.959240466	-1.074405559
G9	G9	1	AA884935	-1.855973618	-1.90608345	-1.079091441	-1.671526312	-2.156824125	-2.885726084	-2.974817435	-2.031398674	-1.889358975	-1.641360396
G10	G10	1	N70349	-2.092998673	-1.111442457	-0.865632156	-1.935185384	-1.849082316	-2.138924806	-2.982183917	-2.588340858	-2.405470592	-1.35583012
G11	G11	1	H17975	-2.048741927	-1.840776943	-1.362811227	-1.5734278	-1.820644637	-2.586312498	-2.621690589	-2.965091418	-1.714783754	-1.580931055
G12	G12	1	AA664155	-1.539496976	-1.570757372	-0.987014505	-1.618588418	-1.742283685	-2.14383863	-3.004314501	-2.717101119	-1.675237304	-1.893673476
G13	G13	1	AA441935	-1.858461516	-1.768235977	-0.505115933	-1.724093672	-2.203421361	-2.35419825	-3.363018478	-2.185605278	-2.442539107	-1.76848907
G14	G14	1	AA441935	-2.041435398	-1.491281034	-1.109266013	-1.404246625	-1.564708834	-2.92991065	-3.490559123	-2.186399423	-2.395002067	-1.205342877
G15	G15	1	AA971742	-2.267330478	-1.934499044	-1.276100249	-1.254344983	-2.053087462	-2.018383934	-2.898183612	-2.057401964	-2.235485053	-1.573420916
G16	G16	1	H58255	-2.45107544	-1.093946569	-0.841656893	-1.956191373	-2.318040241	-2.045078254	-2.810389623	-2.681058718	-1.730683532	-1.25292873
G17	G17	1	R98050	-1.949547789	-1.77211893	-1.244209764	-1.058813802	-1.676365555	-2.808918598	-3.488724452	-2.166924678	-2.495318021	-1.883726519
G18	G18	1	AI220203	-1.872267555	-1.762648499	-1.318225563	-1.148367804	-1.516993482	-2.371313025	-2.666751737	-2.415177094	-1.928714988	-1.90223679
G19	G19	1	AA486741	-2.488598011	-1.379790428	-1.496183359	-1.330254904	-1.835981801	-2.8142236	-2.875333158	-2.646371424	-1.995282318	-1.60601669
G20	G20	1	H81046	-2.399300154	-1.944830107	-0.878135621	-1.643509918	-1.503643909	-2.554501176	-2.952428516	-2.992368361	-2.221425854	-1.447746538
G21	G21	1	AA504809	-2.37609488	-1.093693408	-0.710395037	-1.694320443	-1.742061212	-2.227388519	-2.565633468	-2.408812949	-2.142565613	-1.494348457
G22	G22	1	AA894927	-1.81104974	-1.631163624	-1.374138885	-1.307233099	-2.461418528	-2.210120686	-2.621456699	-2.336751686	-2.35649211	-1.616739018
G23	G23	1	N71653	-2.442768377	-1.755792264	-1.061569125	-1.320903997	-1.899302182	-2.565213034	-3.375405173	-2.851730698	-2.057581395	-1.596831027
G24	G24	1	AI275398	-1.799477236	-1.433676275	-1.190524436	-1.509872273	-1.627996719	-2.932585648	-3.237260791	-2.193630186	-1.841398597	-1.379826405
G25	G25	1	AA676405	-2.187978643	-1.652448338	-0.510990029	-1.562117528	-2.459681437	-2.972408556	-3.272238215	-2.081138137	-1.809160243	-1.628730325
G26	G26	1	AA676466	-2.197877155	-1.25192862	-0.884522589	-1.25944628	-2.072832617	-2.783824771	-3.324659314	-2.448237791	-2.135555469	-1.382240709
G27	G27	1	AA666098	-1.545068818	-1.935032705	-1.315916985	-1.735593253	-1.944904978	-2.943913703	-3.168178901	-2.182165769	-1.63754389	-1.009577499
G28	G28	1	R56277	-2.061992174	-1.825522533	-1.162025836	-1.572982203	-1.887640061	-2.621707274	-3.04539076	-2.159878276	-2.20284541	-1.854551002
G29	G29	1	T62060	-2.288608601	-1.400722565	-0.606479622	-1.17313119	-2.160168845	-2.679312239	-3.45695596	-2.484828159	-1.62755003	-1.59251143
G30	G30	1	AA281616	-2.367068869	-1.172618848	-1.027544135	-1.682985854	-2.408212102	-2.972449113	-3.126899558	-2.576391003	-1.654614883	-1.764443448
G31	G31	1	AI241388	-2.085968501	-1.716607057	-1.089965981	-1.247994338	-1.78958926	-2.977606043	-3.369701612	-2.83498002	-1.637484319	-1.572547023
G32	G32	1	H54451	-2.189531023	-1.926092919	-1.473269588	-1.796010645	-1.599224109	-2.633438433	-2.975322884	-2.05618007	-1.618266593	-1.602872914
G33	G33	1	H21041	-2.1486915	-1.985335462	-1.275491762	-1.176235635	-2.168321316	-2.683703864	-2.648684748	-2.295220873	-1.760094867	-1.303299631
G34	G34	1	AA600217	-1.559664321	-1.846063368	-0.519906688	-1.649630303	-1.594057707	-2.309495948	-3.127236345	-2.963759318	-1.644475968	-1.764720664
G35	G35	1	AA490249	-2.036306341	-1.83400699	-1.190813584	-1.509575929	-2.130017635	-2.790037693	-2.643014363	-2.105340519	-2.346217763	-1.261280955
G36	G36	1	AA917837	-2.208213434	-1.494909263	-0.746616417	-1.483705197	-2.171144899	-2.914937733	-2.667409061	-2.819829646	-1.710158607	-1.427503927
G37	G37	1	AA021188	-1.623129277	-1.269822928	-0.773567296	-1.143035965	-2.419453231	-2.367625002	-2.952531912	-2.546689576	-1.831384321	-1.59700788
G38	G38	1	AA418755	-1.81141024	-1.867690662	-0.931014871	-1.002223824	-1.877266592	-2.061032506	-3.292261517	-2.520280955	-1.666373026	-1.63847928
G39	G39	1	AA873355	-2.28156191	-1.87458646	-0.633388544	-1.028178328	-1.858291656	-2.804533442	-3.443116061	-2.525700717	-2.124363089	-1.153274667
G40	G40	1	AA284067	-2.453204644	-1.747492366	-0.923097596	-1.22677194	-2.390528331	-2.342550826	-3.094396943	-2.343060243	-2.389240402	-1.925781264
G41	G41	1	R73570	-2.440068123	-1.200650643	-1.293471926	-1.371082994	-1.702874466	-2.170738519	-2.9321155	-2.995135983	-2.191019474	-1.598488526
G42	G42	1	AA775957	-2.133615264	-1.472581384	-0.973074986	-1.767003808	-2.000759711	-2.831366642	-3.071537251	-2.443875772	-1.857067359	-1.19590034
G43	G43	1	AA598814	-2.09715044	-1.310272004	-1.443392706	-1.020248036	-2.037043944	-2.833921036	-2.862798863	-2.131440887	-1.676981279	-1.252039265
G44	G44	1	H14841	-1.557222151	-1.117049402	-0.952689908	-1.850694077	-1.988132396	-2.655564374	-2.521432596	-2.920247896	-2.150700358	-1.712452069
G45	G45	1	AA489275	-2.018736422	-1.284315622	-0.685033454	-1.991811408	-1.55131943	-2.685793165	-3.323178051	-2.622856681	-1.629668938	-1.18024541
G46	G46	1	R35219	-2.31875702	-1.726819378	-0.990517414	-1.762149726	-2.247067414	-2.027561358	-3.096070762	-2.109866277	-1.659002244	-1.773052041
G47	G47	1	AA775899	-1.861905542	-1.216224395	-1.390101444	-1.81459545	-1.566918472	-2.37823384	-2.970159824	-2.088351069	-1.798481736	-1.120860182
G48	G48	1	H85355	-2.300803138	-1.817218159	-0.905175804	-1.985836592	-2.309029567	-2.456495235	-3.171629757	-2.632207618	-1.579351916	-1.801298695
G49	G49	1	AA857542	-2.312453027	-1.898108936	-1.028118073	-1.302970441	-2.160258662	-2.275185488	-2.830531799	-2.256329425	-1.885051765	-1.489534043
G50	G50	1	AA262804	-1.529381467	-1.746957307	-1.205758438	-1.919482911	-2.061552757	-2.772676911	-2.797716751	-2.031712581	-2.36102798	-1.596198488
H1	H1	1	H24018	-1.652572764	-2.161831118	-1.913416646	-1.057748568	-0.14766771	1.277553787	2.485756197	2.180702533	1.645346169	2.406404282
H2	H2	1	AA490010	-1.620596162	-2.167106858	-2.491704655	-1.148714236	-0.4700773	0.848036683	1.576100277	2.199390901	1.591707258	2.191048512
H3	H3	1	AA156674	-2.290143142	-2.437674209	-1.555908795	-0.995901581	-0.35715712	0.882538447	2.231421508	2.345126129	1.850825866	2.370393528
H4	H4	1	N93024	-2.251072359	-2.301746898	-2.29143759	-0.664489005	0.140504534	1.0608947	2.113064781	2.126260731	1.741597233	2.25841095
H5	H5	1	AA101299	-1.967334987	-2.378998929	-2.408695908	-0.959039642	-0.027713164	0.621226792	2.388997041	2.048387113	2.320617693	2.480704298
H6	H6	1	AA708298	-2.260564376	-2.46952545	-2.456969912	-1.316473172	0.034572969	0.685872968	2.066065276	1.765994477	1.530999097	2.416891141
H7	H7	1	AA644234	-2.363611995	-2.220073262	-2.384855757	-1.155049585	-0.384562267	1.255648777	2.405845115	2.228502514	1.881909509	1.647442348
H8	H8	1	AA669314	-2.013086536	-1.585425478	-2.23155658	-0.921782444	-0.04446512	1.240730255	2.199444348	1.84453192	1.789117367	2.02006204
H9	H9	1	AA700688	-2.174763782	-1.971447009	-1.94946341	-1.131733694	0.21207982	0.585109559	2.054139274	1.778145095	1.851104036	2.085138371
H10	H10	1	AA453849	-2.304963764	-2.01250796	-1.634934891	-1.189819521	0.332442455	1.480502842	1.565829257	2.238287569	2.209005356	1.947738765
H11	H11	1	AA046701	-1.614270083	-2.30408118	-2.137686713	-1.345826663	0.274136376	1.317848166	2.394903592	1.973580723	1.662380087	1.684020959
H12	H12	1	AA455126	-1.506357237	-2.012383696	-1.787426049	-0.955820647	0.355882611	0.92465377	2.129288912	1.910021885	2.202798865	2.480392947
H13	H13	1	AA173109	-1.504839744	-1.602164899	-2.032115012	-0.639774635	-0.29198442	0.800327442	2.340728207	1.773844837	1.538615011	2.049733562
H14	H14	1	H47080	-1.778416398	-1.575655072	-1.754347618	-1.416103111	-0.421481735	1.019788758	2.401745055	2.473421857	2.493369482	1.564125142
H15	H15	1	AA431433	-2.342557183	-1.512987756	-1.948258554	-0.629983233	0.031191597	0.907624057	1.794670537	1.660480509	2.317645941	2.497469402
H16	H16	1	AA504465	-2.359126544	-1.687193803	-1.604695497	-0.891241556	0.173031562	0.603320084	2.409085886	2.013759768	1.87716492	2.447700897
H17	H17	1	AI018281	-2.43650667	-2.401251478	-1.627954175	-0.690854288	-0.317354589	1.450564091	1.82893447	1.584390467	2.423985947	1.822303952
H18	H18	1	N28391	-2.351484392	-2.418571236	-2.190683804	-0.799742945	0.451445531	1.340507793	1.607881111	1.746116068	1.500988302	2.425527052
H19	H19	1	AA504160	-2.25641453	-2.358138241	-1.761666751	-1.361110027	0.250620202	0.91136481	1.742210057	2.159706088	2.425124578	2.119374976
H20	H20	1	R73402	-1.892593015	-1.511382092	-1.781876501	-1.02054719	0.29776362	1.40076891	1.9300169	1.62669809	2.485159376	1.854002848
H21	H21	1	AA877194	-2.050997959	-2.366325016	-2.064568389	-0.741681763	0.333932038	0.886877142	2.09882603	2.441813149	2.13299321	2.099814332
H22	H22	1	AA486138	-1.632659798	-1.62342132	-1.758323909	-0.89432655	-0.484531347	0.992296293	1.51703826	1.757678709	1.652002381	2.442162838
H23	H23	1	H23216	-1.622946315	-1.740590635	-1.569219254	-0.904822816	-0.261137825	1.228544365	1.995946094	2.168879075	2.355242455	1.98110547
H24	H24	1	H05768	-2.477118077	-2.195755504	-1.885219546	-1.041686466	-0.437437267	0.948712492	2.345190676	2.161388763	1.890525641	1.978183886
H25	H25	1	N33243	-2.238796905	-2.242134157	-2.145237435	-1.497120814	0.363539293	0.870231218	1.995175479	2.380577553	2.127909927	2.147177859
H26	H26	1	AA480826	-1.677259609	-1.995036388	-2.093412776	-0.746478864	-0.399859204	1.145449399	1.982065501	2.09608689	1.814328474	1.837307956
H27	H27	1	AA427472	-2.42280764	-2.162789604	-1.858447548	-0.808027187	0.29552393	1.204115184	1.640685305	2.140714606	1.865503948	2.031210947
H28	H28	1	AA427472	-2.381101509	-1.873292957	-1.710923211	-1.026338944	0.129586228	1.152616082	2.343892273	1.624761707	2.033193635	1.9718022
H29	H29	1	AA488715	-1.728060435	-2.144065974	-1.523234188	-1.321473211	-0.390544838	0.576906608	2.323976188	2.091520662	2.172993497	1.638304661
H30	H30	1	W57930	-1.571171382	-1.749814143	-2.024484943	-0.92961893	-0.05784133	0.771038987	1.774496254	2.082843975	2.411753593	2.140000202
H31	H31	1	N26536	-2.385945078	-2.469347917	-2.233292756	-0.596868289	0.004313139	1.396293472	2.055747793	1.848205413	1.521055179	1.588941428
H32	H32	1	AA620862	-1.679992388	-1.707005256	-2.055124546	-0.703226576	0.471521533	1.054330615	2.373680032	2.295497721	1.645851277	2.046673529
H33	H33	1	AA453176	-1.566197618	-2.425320105	-2.203140614	-1.090682562	0.145060965	1.239018056	2.180356426	2.419557219	1.821862031	2.092110018
H34	H34	1	AA410435	-1.940442579	-2.064083047	-1.877237898	-0.673735335	-0.160951336	0.627075241	2.222558137	2.394796457	1.975280653	2.243613316
H35	H35	1	AA971635	-1.516262115	-2.204711734	-1.963391941	-1.071386662	-0.40793831	1.008129593	2.482943953	2.465741721	1.803627313	1.62879523
H36	H36	1	H92234	-1.98758475	-2.262570306	-2.296524874	-0.690725364	0.146747133	1.34853609	2.048292692	1.827103558	2.268093309	2.370154723
H37	H37	1	AA448711	-1.580786424	-2.17234927	-2.193928324	-0.958024323	-0.346084605	1.145120339	2.169050918	2.376473531	2.039916797	1.644331572
H38	H38	1	AA465653	-1.879913153	-1.976345319	-2.060380163	-1.343305094	0.452268019	1.031681526	2.164824498	2.435211972	1.997423247	2.468451811
H39	H39	1	AA448190	-2.435992797	-2.490161503	-2.294118495	-1.232517672	0.319113133	1.352628638	1.616018419	1.867405825	1.679732196	2.384111728
H40	H40	1	AA991389	-2.262439452	-2.401054228	-2.288237542	-0.956367776	0.140921449	0.865677852	1.688752563	1.809972367	1.742151383	2.228669359
H41	H41	1	H15718	-2.045696061	-1.63776177	-2.247675959	-0.606076224	-0.481066864	0.70459206	1.925605302	2.183757634	1.639804032	2.423028549
H42	H42	1	AA862465	-1.847790555	-2.296188765	-1.567132954	-0.641909049	-0.028706437	1.251980179	2.210719588	2.087311982	1.619386005	2.390451784
H43	H43	1	AA677165	-2.02857629	-2.143053447	-1.510602445	-0.816813832	0.400578776	1.130319004	1.54886402	1.589331339	2.440291372	1.791015403
H44	H44	1	AA702802	-1.681999302	-2.10540469	-2.346746367	-1.429675261	-0.211480914	0.672186769	1.774916799	2.214124388	2.355944403	1.914720831
H45	H45	1	AA670408	-1.862847064	-1.991846151	-1.881467934	-0.929980017	-0.133755201	0.589825629	1.822000162	1.576964387	2.177137611	1.941386166
H46	H46	1	R98624	-1.532583829	-2.35143868	-1.701667281	-0.543186274	0.331747488	1.198911495	2.08713273	2.380611508	2.288242834	2.027424102
H47	H47	1	AI016618	-2.328373089	-1.893756468	-1.577980588	-1.175119456	0.176568271	0.710538497	1.997067313	2.451485069	2.424662885	1.853011716
H48	H48	1	AI336948	-2.1337941	-1.938184179	-1.638834435	-0.515262034	-0.368164197	0.727410364	1.574563594	1.953835966	1.804374752	2.251701205
H49	H49	1	AI199233	-1.604777868	-2.228209078	-1.599737476	-0.806445149	-0.271395352	1.232010012	1.892466346	2.315737378	2.11262152	1.680709179
H50	H50	1	AA777034	-2.15683852	-1.71575157	-1.713047289	-1.234819109	-0.390871026	0.963520982	1.975719389	2.106196287	1.915006051	1.900382273
J1	J1	1	H17398	2.459208003	2.281211951	2.462198094	1.320373568	0.265949917	-1.405966103	-2.452216068	-1.659486489	-1.952130137	-2.147841317
J2	J2	1	H52673	2.092214715	1.943091995	2.123949606	0.99247724	-0.363353155	-0.647445747	-2.275512748	-1.970886809	-1.831708368	-1.662891229
J3	J3	1	AA678295	2.20982237	1.511453111	2.121357201	0.996775081	-0.223365998	-0.769513825	-1.539703937	-1.747646609	-2.163317539	-2.124697886
J4	J4	1	AI565203	1.652735664	1.795890464	1.656514065	0.614933757	-0.383735969	-0.577536018	-2.291032345	-2.335952037	-1.737022507	-1.743162483
J5	J5	1	H30057	2.016206646	1.855192207	1.699929511	0.640156251	0.347669447	-1.163423643	-1.507289495	-2.427843302	-1.634310453	-1.838997864
J6	J6	1	AA410215	2.409265469	2.075511917	2.172455247	1.03062267	-0.427713002	-0.550910751	-2.238891155	-2.467416939	-1.798557361	-1.902208695
J7	J7	1	N93740	1.907885175	2.354178303	2.393681769	1.064399241	0.46911206	-1.4900542	-2.013136778	-2.321920286	-2.326006237	-2.250159285
J8	J8	1	AA486738	2.434917231	2.190200408	2.105032922	0.634846742	0.33035666	-1.047297632	-2.028576902	-1.676932836	-1.975140934	-2.162887354
J9	J9	1	AA420993	1.9840693	1.934124535	2.412624563	0.656524547	0.464747205	-0.515088439	-2.394386204	-2.274143951	-2.482505378	-1.692943565
J10	J10	1	AA621184	2.323647354	1.925379797	2.161234738	1.217329123	0.489779037	-0.869653203	-1.772725077	-2.023357741	-1.691573489	-1.598731314
J11	J11	1	AA865590	2.226482973	2.243343743	2.091469094	0.831515895	0.378190484	-1.078174246	-1.715781737	-2.150386417	-2.255107082	-2.190922671
J12	J12	1	AI341427	2.186726228	2.228962217	2.243201864	1.09935079	0.385486764	-0.792050931	-1.915737649	-1.50889944	-1.566194882	-1.898243027
J13	J13	1	AA436410	2.298156995	2.257452472	1.52713677	0.959391732	-0.025218405	-1.483084193	-2.41026147	-2.297943482	-2.006441934	-1.601834959
J14	J14	1	AA885311	1.603325204	1.720041039	2.141508784	1.194794298	0.051556935	-0.980300732	-2.383379949	-2.164224803	-1.630687149	-2.138487031
J15	J15	1	AA477298	2.144852527	2.056039079	1.590475186	0.888054391	-0.344610131	-0.52403805	-2.40399654	-1.76034778	-1.53293749	-2.470191422
J16	J16	1	AA427739	1.841409193	2.265219504	2.28726105	0.868545962	-0.275388763	-1.237957355	-2.11453823	-2.185650234	-2.035900837	-1.620980165
J17	J17	1	AA487700	1.712514807	2.067424367	1.599060875	1.354023591	-0.237781336	-0.849382191	-2.126277141	-2.121161285	-1.513606993	-2.256964291
J18	J18	1	H74208	2.240351683	2.131245533	2.299074788	1.33082687	-0.480700076	-0.545535343	-1.69321118	-2.384696616	-1.805883123	-1.726148671
J19	J19	1	W63749	1.645111962	1.53552607	2.039070834	1.432373011	-0.095927967	-0.736317929	-2.305584344	-1.710466198	-2.421968163	-1.841485181
J20	J20	1	AA931820	2.168553637	1.790546644	1.725939186	1.267614512	-0.355429764	-1.01184215	-2.081767679	-1.981706906	-1.633003436	-2.095374673
J21	J21	1	AA456480	2.261328803	2.107348248	1.535870861	1.060403591	-0.061824882	-1.444829215	-1.985131752	-2.255036063	-2.329525831	-2.291014874
J22	J22	1	AA496678	1.518815266	1.81558613	1.744511195	1.0578861	-0.252040858	-0.851416772	-2.178431829	-2.057625202	-2.06188297	-2.100399992
J23	J23	1	AA521434	1.600889617	1.606670667	2.190146653	0.826828802	0.374285179	-0.665283112	-1.685013348	-2.2074825	-2.146990018	-1.818016784
J24	J24	1	AA873342	2.197142827	1.614338785	1.789331464	1.233013688	0.174742377	-0.772493418	-1.711815528	-2.310389375	-1.527529481	-1.541341359
J25	J25	1	R99749	1.89859575	2.491285785	1.774244771	1.143106946	0.049171885	-0.977796088	-2.208309826	-1.629259943	-1.53542129	-1.770192796
J26	J26	1	AA417616	1.770340065	1.565468327	2.336477871	1.460486717	-0.107702871	-0.789236951	-1.704796395	-2.29271622	-2.496719451	-2.351786413
J27	J27	1	H90147	2.389266997	2.200423376	1.762552372	0.678598461	-0.066562937	-0.562705251	-1.593894958	-2.278378465	-2.373094626	-1.621424439
J28	J28	1	AA281583	1.680280176	2.025501124	2.369861346	0.954524947	-0.33139193	-1.080966769	-1.523271141	-2.039701756	-2.210226713	-1.558692431
J29	J29	1	AA864861	1.690105448	2.060113351	1.506775896	0.526583318	0.020600068	-1.100926976	-1.762653633	-2.184196327	-1.893643195	-1.759373084
J30	J30	1	AA987627	1.96401726	1.995623801	1.941050292	1.226569632	0.174222262	-0.625512645	-1.836135619	-1.919672696	-2.40389111	-1.709230246
J31	J31	1	N59822	1.958902865	1.776389066	1.816270879	0.82876421	0.230914013	-1.015121052	-1.752202559	-1.792357128	-1.554822808	-2.462429272
J32	J32	1	AA778637	2.148950441	1.635282639	2.097684079	1.155726336	-0.338134042	-1.381715852	-2.445200639	-1.600787675	-2.06591218	-1.838843835
J33	J33	1	AA419342	2.139839241	2.39810508	1.656779966	0.580889532	0.124674712	-0.668997772	-1.544623113	-2.211460907	-2.088670468	-2.448514223
J34	J34	1	R38280	1.579308847	2.370232397	1.827874843	0.895579726	-0.301003393	-1.441211144	-1.619541326	-1.553205952	-1.733568271	-1.674364134
J35	J35	1	T67058	2.484364776	1.91538217	2.460918506	1.082048855	-0.428891494	-1.377215537	-1.799666997	-2.374092133	-2.478003213	-2.365579177
J36	J36	1	AA989497	2.287064032	2.161836028	1.532525903	1.443843998	0.24272556	-0.842799385	-1.725153774	-1.801897552	-1.554260293	-2.313824242
J37	J37	1	AA194043	2.249588225	1.525048554	1.556408154	0.577463069	-0.07937172	-1.244595238	-2.363748075	-2.198913046	-2.297801191	-1.597316347
J38	J38	1	AA262988	1.62672282	1.686563585	1.818065823	0.587641325	0.268612441	-1.110825671	-2.289574212	-2.031054557	-1.984917804	-2.267577425
J39	J39	1	AA401441	2.103366266	1.802146227	2.394258603	1.13589217	-0.254009775	-0.863015837	-2.206907216	-2.47916355	-2.164913389	-2.261167508
J40	J40	1	AI380314	1.707012208	1.584674836	1.763881046	0.763420362	-0.337862096	-0.815490674	-1.981174876	-2.201610171	-1.51440372	-1.778976067
J41	J41	1	AA985471	1.701073482	1.6123191	2.407587518	1.019139305	-0.300039575	-0.823800042	-1.591686366	-2.089613787	-2.354854599	-2.07660417
J42	J42	1	N51018	2.142808788	2.248511668	2.225542057	1.037067392	-0.115596163	-0.528467718	-2.325948445	-1.822503379	-1.507631268	-1.990861834
J43	J43	1	R77226	2.416329113	1.69938094	2.093813002	0.680210159	-0.037198698	-0.744049094	-1.635280515	-1.518373575	-2.445659265	-1.649684235
J44	J44	1	AA411757	2.202650358	1.755414217	2.462634865	1.110237875	0.274553522	-1.33740471	-2.213562166	-1.817132844	-1.927018497	-2.068416765
J45	J45	1	T58958	1.606262986	1.715790291	1.680094902	1.331805043	0.252857683	-0.935501261	-1.696662675	-1.573090762	-2.258004639	-1.704293943
J46	J46	1	AI356535	1.936047404	1.658324474	2.495086996	0.529860406	-0.161465368	-1.042111702	-1.714188689	-2.296745883	-2.060485277	-1.659847954
J47	J47	1	AA464267	1.553569882	1.642165081	1.595566262	0.516204746	0.252402956	-0.629880216	-2.321199964	-2.461159211	-1.94701306	-1.748218461
J48	J48	1	H87151	1.970424024	2.159249926	2.46757183	1.150518926	-0.008945031	-0.779570487	-2.284982334	-2.205607706	-1.85266125	-2.042986974
J49	J49	1	AA504478	1.590098351	1.583386154	2.115337499	0.585185347	-0.38675344	-0.546127868	-1.956926355	-1.600942129	-2.342873751	-1.517411632
J50	J50	1	AA206330	2.239209916	1.710696131	1.624753449	1.334776178	-0.273099123	-0.622843596	-1.795104038	-2.094299087	-1.584002807	-2.242117098
